0.186
0.008
0.1212
0.1171
0.7319
0.645
0.0115
0.4998
0.1927
0.6576
0.224
0.0103
0.0088
0.5946
0.0834
0.2146
0.0477
0.0446
0.0053
0.181
0.0279
0.1851
0.2242
0.1221
0.464
0.1062
0.0027
0.3803
0.0947
0.047
0.6694
9e-04
2.1123
0.1486
0.344
0.0332
0.0665
0.0222
0.8434
0.1961
0.4612
0.0096
0.0267
0.1909
0.0806
0.7727
0.1233
0.3187
0.6086
0.049
0.2874
0.164
0.5121
1.2023
0.0035
0.0897
0.0366
0.0659
9.0843
0.3053
0.0865
0.0542
0.1032
0.0888
0.0581
0.0096
0.5158
0.576
0.1841
0.4508
0.2018
1.0205
0.1101
0.2086
0.2049
0.0176
0.1908
0.3781
0.0655
0.0353
0.2243
0.1239
0.0207
0.0657
0.0843
0.3015
0.0464
0.0059
0.2845
0.0404
0.1634
0.254
0.2885
0.1651
0.144
0.3958
0.0026
5e-04
0.0971
0.0581
0.0168
0.0159
0.0344
0.0266
0.0101
0.7215
0.079
0.0233
0.0432
0.0252
0.0227
0.4587
0.0185
0.0215
0.6626
0.0387
0.0526
0.0541
0.3939
0.0025
0.7265
0.3987
0.1563
0.2016
0.6008
0.1114
0.3165
1.9507
0.0839
0.0658
0.2761
3.4057
0.1478
1.8189
50.4745
0.1494
0.0986
0.2735
0.1301
0.2494
0.2447
0.1388
0.001
1.7577
0.1619
0.2358
0.0027
0.2232
0.3958
0.0095
0.0967
0.3095
0.3618
0.0361
0.2208
0.7212
0.0519
0.0603
0.0518
0.0402
0.1764
0.1666
2.9409
0.0638
0.364
0.0031
3e-04
0.0776
0.0793
0.6252
2.2969
0.0413
0.9686
0.0788
0.5555
0.0029
0.051
0.0692
0.0261
0.2868
0.0069
0.3744
0.0217
0.0085
0.1789
0.025
0.0375
0.0542
0.0616
0.36
0.0066
0.0459
0.4725
0.1401
0.6072
0.2603
1.3858
18.1074
0.0477
0.2071
0.0518
0.3914
0.1396
0.5516
0.1108
0.0528
0.3046
0.0631
0.0065
0.0461
0.0299
0.0203
0.1291
0.0096
0.0124
1.2765
0.0094
0.8481
0.5352
0.782
0.1031
0.5823
0.1328
0.1609
0.0509
0.0771
0.0055
0.0406
0.4156
0.0147
0.1495
0.7208
0.1192
0.0049
0.1567
0.0799
0.0136
0.4763
0.0415
0.012
0.4087
0.3251
0.0942
0.0172
0.1234
0.0176
0.1077
0.1216
0.0361
0.5958
0.0655
0.8977
0.3633
0.0109
0.3359
0.4703
1.0521
0.5485
0.0516
0.5342
0.1955
0.226
0.4482
0.0655
0.3481
0.1861
0.0875
0.0782
0.2106
0.1008
0.2386
0.1465
0.8993
0.5309
0.021
0.0935
0.0749
0.0394
0.0818
0.2055
0.0497
0.0241
0.3388
0.1339
0.4543
0.4483
0.5496
0.0046
0.2702
0.0407
0.2802
0.2347
0.2521
0.0697
0.1133
0.1314
0.1841
0.0096
0.1554
0.0429
0.0265
0.1654
0.1344
0.2971
0.03
0.2742
0.4999
0.4383
0.0898
0.0094
0.0344
0.9432
1.5386
0.2215
0.3344
0.1352
0.1517
0.0603
0.0976
0.0295
1.0139
0.2445
0.1127
0.3737
0.0309
0.4026
0.3249
0.1546
0.046
0.3401
0.2357
0.3542
0.0041
0.0294
0.063
0.1028
0.0874
0.3928
0.1686
0.0383
0.1613
0.0497
0.5465
0.3572
0.3105
0.2724
0.1009
0.0046
0.0075
0.0995
0.1358
0.072
0.1379
1.0989
0.3484
5e-04
0.1149
0.1202
2.7005
0.0033
0.0083
0.0063
0.0429
0.3091
0.146
0.2792
0.0271
0.0704
0.4281
0.0028
0.0357
0.1468
0.023
0.4065
0.0124
0.0404
0.0246
0.0268
0.0649
0.3921
5e-04
0.408
0.0997
6e-04
0.0086
0.0559
0.0426
1.7404
0.0018
0.005
0.2513
1.5833
0.6661
0.0455
0.1882
0.0321
0.1073
0.0178
0.0337
0.0155
1.7012
0.0352
0.0489
0.1001
0.1801
0.6956
0.093
0.0239
0.0051
0.0093
1.8008
0.5891
0.0281
0.1357
0.1758
0.6588
0.2765
0.0541
0.0184
0.0117
2.7393
0.0391
0.6467
0.0452
0.8433
0.0127
0.0534
0.3799
0.2546
0.0067
0.0505
0.2041
0.1427
0.0642
4.2516
0.102
0.1957
0.0895
0.0231
0.9018
0.1563
0.0598
0.8437
1.044
0.3692
0.0649
0.1217
0.0598
0.0291
1.2076
5.2475
0.092
0.002
0.2215
0.0577
0.0412
0.0657
0.7232
0.1106
8.9053
0.1237
0.4443
0.0511
0.129
1.2192
0.4277
0.6017
0.1225
0.0999
0.0695
0.919
0.0158
0.1488
0.1378
0.1757
0.0148
0.0338
0.1033
0.007
0.0237
0.019
0.0888
0.1366
0.0379
0.0569
0.0012
0.0873
0.1777
0.0535
0.4833
0.0447
0.0243
0.6517
0.0165
0.0757
0.0259
0.4704
0.4801
0.9009
0.1421
0.4023
0.3243
4e-04
3.9873
0.2388
0.51
0.0619
0.0119
0.0128
0.0122
0.0636
1.1054
0.0214
0.1788
0.11
0.0492
2e-04
0.3911
0.3199
0.0303
0.0427
0.0757
0.3133
0.1119
0.1255
0.0523
0.2484
0.0389
0.4783
0.3092
0.374
0.2677
0.8114
0.2273
0.3659
0.0374
1.6627
0.0891
0.0083
0.0095
0.0049
0.3679
0.1165
0.0025
0.2434
0.6984
0.4443
0.3915
0.1231
1.7931
0.0902
0.0058
0.1317
0.4809
0.0054
0.0013
0.0969
0.0428
0.0086
0.0015
0.1322
0.2256
0.0094
0.2971
0.0386
0.1796
0.0541
0.0233
0.1507
0.0833
0.0987
0.1911
0.0014
0.522
0.0547
0.7275
0.01
0.0724
2e-04
0.3954
1.7206
0.1084
0.0306
0.0488
0.0088
0.1422
0.1612
0.0016
0.0225
0.0659
0.304
0.398
0.0105
0.0291
0.0346
0.0224
1.9538
0.0039
0.3144
0.2192
0.6857
0.0511
0.0427
0.2808
0.3911
0.4911
0.2207
0.6108
0.4278
0.1097
1.0319
0.1186
0.1603
1.8994
1.753
0.0283
0.0375
0.053
0.3493
0.1496
0.0165
0.0263
0.0794
0.3454
0.0057
1.6565
0.18
0.5664
0.1955
0.0097
0.0583
0.0728
0.022
0.4518
0.0027
0.0288
0.0588
0.4536
0.5529
0.9491
0.1444
0.0069
0.0134
0.1761
0.0567
0.0211
1.7182
0.0577
0.0393
0.2963
0.4311
0.0144
0.7405
0.101
0.0433
0.0391
0.1096
0.0231
0.0171
0.0375
0.1038
0.0534
1.4928
0.2107
0.0605
0.2411
0.0771
0.0809
0.5428
0.0148
0.0661
0.0078
0.816
0.1327
0.5124
0.6102
0.2854
0.9423
0.0992
0.1113
0.166
0.0776
0.5072
7.2374
0.1565
0.0287
0.0059
0.014
0.1104
0.0653
0.5973
0.032
0.1133
0.0481
0.2738
0.1855
0.8774
0.0269
0.559
0.0836
0.8241
0.0025
0.1238
0.0792
0.8252
6.1486
1.4866
0.1129
1.6157
0.5298
0.737
0.0257
0.1096
0.0919
0.4134
0.026
0.614
0.024
0.055
0.0158
0.0234
3.4981
0.0176
0.0221
0.3027
1.1051
0.1794
0.0486
0.0317
0.1386
0.0331
0.4761
1.4055
0.0049
0.0475
0.4988
0.1063
0.0613
0.0187
0.0388
0.2006
0.0424
0.0404
0.1195
0.1582
0.0445
0.1117
0.0011
0.003
0.2673
4e-04
0.1365
0.0357
11.1973
0.8356
2.7945
0.1002
0.6735
0.0035
0.0529
0.265
0.4856
0.3072
0.1445
0.1128
0.0629
0.5657
0.0133
0.0961
0.111
0.0447
0.1301
1.2209
1.6864
0.0603
0.2046
0.6899
0.1483
0.147
0.0349
0.6416
0.8175
0.1664
1.0201
0.2175
0.1826
8e-04
0.1041
0.0844
0.7712
0.0834
0.1386
0.171
0.1186
0.0076
0.0584
0.0907
0.0474
0.3751
0.3852
0.0572
0.6658
0.0355
0.2745
0.2064
0.1928
0.0687
0.3756
0.0152
0.0401
0.1694
0.4775
0.0068
0.2679
0.0344
0.8655
0.0532
0.0427
9e-04
0.0868
0.0574
0.0334
0.1564
0.1394
0.072
0.0216
0.024
0.0497
0.075
0.0666
0.198
0.0576
0.0104
0.056
0.0397
0.034
0.0639
0.6238
0.9095
0.0093
0.017
0.1295
0.0987
0.0377
0.3813
0.0473
0.2122
0.1459
1.5551
0.1481
0.1192
0.5052
0.9291
0.0397
0.1598
0.1261
0.0024
0.84
0.5677
0.5025
0.2555
0.0199
0.0822
0.5071
0.0432
0.001
0.0648
0.0093
0.0411
0.1141
2.0038
0.3953
0.1032
0.0125
0.0837
0.1704
0.126
0.8699
0.6071
0.0827
0.1347
0.0559
0.0954
0.0071
0.1754
0.1162
0.1063
0.1129
0.0282
0.1131
0.0085
0.0074
0.2696
0.2573
0.0941
0.0523
0.3732
0.0207
0.109
1.0384
1.0407
0.0126
0.1674
0.0408
0.0259
0.1894
0.0548
1.2178
0.0507
0.2393
0.0757
0.2333
0.5245
0.232
0.0533
0.2486
0.0679
0.8961
0.1228
0.0928
0.1394
0.3341
0.0191
0.2615
0.083
0.0874
0.5716
0.0944
0.0486
0.0573
0.0026
0.0336
0.0289
0.0267
0.0279
0.0189
0.1412
0.0169
0.1924
1.3131
0.1999
0.0087
0.0078
0.0326
0.285
0.0197
0.5756
0.5784
0.2363
0.071
0.674
0.5596
0.3015
0.2098
0.0329
0.0312
0.2351
0.1104
0.0648
1.4343
0.0022
5.7356
0.0604
6e-04
0.0754
0.0419
0.4084
0.1298
0.0064
0.4533
0.0533
0.8258
11.2126
0.021
0.0711
0.0018
0.1225
0.0538
0.0679
0.0672
1.15
0.3138
0.1998
1.0441
0.0017
0.0638
0.1149
0.0176
0.1275
0.0974
0.3709
0.5768
0.0444
0.0955
0.0529
0.0053
0.7979
1.4837
0.1826
0.0631
